"title","date","reads","shares","follows","delivered","delivery_rate","read_finish_rate","content_url"
"别被误导：AI创造新岗位≠你将自动获得新工作","20260403","11","2","0","478","0.014644352","0","http://mp.weixin.qq.com/s?__biz=MzkwNjAwOTY0MQ==&mid=2247484468&idx=1&sn=5a038769861fdc03ad17ddcb2cbcaec2&chksm=c0ee4972f799c064ffe978c037351a3dc1f2f368c728c86cd68ff71fda424853eea9f2219e7f#rd"
"从“张雪机车”事件看技术决策：执行力之外的智慧","20260402","33","4","0","437","0.045766592","0.121212125","http://mp.weixin.qq.com/s?__biz=MzkwNjAwOTY0MQ==&mid=2247484444&idx=1&sn=15f87f742ac6ae889c882071c4d3e383&chksm=c0ee495af799c04cfa60ac02bd11db48605a1c02653792a4a2d351f5009183473bb22ad0d84f#rd"
"职场中年危机：职场人如何突破“还能走”的旧路径？","20260401","34","2","0","395","0.032911394","0.264705896","http://mp.weixin.qq.com/s?__biz=MzkwNjAwOTY0MQ==&mid=2247484416&idx=1&sn=d463d238b307fa0669b363f16bfcae47&chksm=c0ee4946f799c050b900cc7b7789527a9d7d39cfe70bbb20ddfbd8ab3551a503c57ccf976d5a#rd"
"35+技术人的AI挑战：为何我们更擅长解释而非学习？","20260331","22","2","0","345","0.026086956","0.181818187","http://mp.weixin.qq.com/s?__biz=MzkwNjAwOTY0MQ==&mid=2247484403&idx=1&sn=2d7c888f59d7b85956b3f250a852520b&chksm=c0ee4eb5f799c7a3bb67a56aea4727b49bd26a96a21a235e00d5ea83ce10c13dc581a8f070d0#rd"
"中年危机破解之道：识别并把握那些改变命运的“跳跃瞬间”","20260330","34","2","0","317","0.03154574","0.176470593","http://mp.weixin.qq.com/s?__biz=MzkwNjAwOTY0MQ==&mid=2247484402&idx=1&sn=2d71333c1b93b0e44f1a1171ff601d7c&chksm=c0ee4eb4f799c7a2af62128ff045bf38b270218cdade6150b53bbd475b83bcdc5a339fa93f9d#rd"
"旧路径的束缚：技术人才如何挣脱习惯的力量？","20260328","45","4","4","250","0.044","0.13333334","http://mp.weixin.qq.com/s?__biz=MzkwNjAwOTY0MQ==&mid=2247484369&idx=1&sn=3cf9bc7e41429f6f405edf4b4cfbb653&chksm=c0ee4e97f799c78183454227e79a8aa5420c03a1413a5696cd63dc43a367d279e02e9248545d#rd"
"技术人的转折点：为何增长感比工作更易丧失？","20260327","120","3","0","221","0.06334842","0.224999994","http://mp.weixin.qq.com/s?__biz=MzkwNjAwOTY0MQ==&mid=2247484363&idx=1&sn=bcc50e8823aac30c2a8383ef215146e1&chksm=c0ee4e8df799c79ba707e3c1be8cf0b2cbbbec98d81ae87a8fe391c2a6ffae4aaf3f97bb5e88#rd"
"35+技术人的转型之路：如何让经验成为你的长期资产？","20260326","25","2","0","186","0.053763442","0.360000014","http://mp.weixin.qq.com/s?__biz=MzkwNjAwOTY0MQ==&mid=2247484356&idx=1&sn=42362c92b695633649c261a205c5f57e&chksm=c0ee4e82f799c79440d4779bcdd7fae6d44daef0715c8d0a23de1f40e2b09d12a3a28b9f37b1#rd"
"中年危机中，你的工作是否过度消耗你？","20260325","77","2","0","173","0.040462427","0.155844152","http://mp.weixin.qq.com/s?__biz=MzkwNjAwOTY0MQ==&mid=2247484355&idx=1&sn=94511987218abce2993614ca513479aa&chksm=c0ee4e85f799c79387c40d7c63fcf783feecc7d25c510d697034dbc7bfdb493a8b1c6da24899#rd"
"问题发生后，技术团队如何正确追问历史决策？","20260324","81","5","1","146","0.06849315","0.185185179","http://mp.weixin.qq.com/s?__biz=MzkwNjAwOTY0MQ==&mid=2247484344&idx=1&sn=53c64578ba658f1ae9bda28ec67b0f6f&chksm=c0ee4efef799c7e852db186380a1dbf9820928614ed195b3e04320ea0de9ddc6c6837690964c#rd"
"技术人的迷茫：忙碌背后，你真的在成长吗？","20260323","75","3","3","129","0.062015504","0.226666674","http://mp.weixin.qq.com/s?__biz=MzkwNjAwOTY0MQ==&mid=2247484324&idx=1&sn=8749d02c94b0d349532cdd02a33a5474&chksm=c0ee4ee2f799c7f4cab1abec4e60a9a9e7f9b5c8c6b34ea3c5b551ee7ec9cc5b3c0511044861#rd"
"技术人的成长痛点：为什么第一步总是难以启程？","20260322","38","2","0","120","0.075000003","0.131578952","http://mp.weixin.qq.com/s?__biz=MzkwNjAwOTY0MQ==&mid=2247484318&idx=1&sn=3bbd678e9bec0a20a56f118d86a98429&chksm=c0ee4ed8f799c7ce933f6c574192cb4be3eb8f462b2093e80def64c0af8943a0393fd344c3a7#rd"
"很多技术人越做越熟，却离下一步越来越远","20260321","60","2","2","113","0.079646021","0.166666672","http://mp.weixin.qq.com/s?__biz=MzkwNjAwOTY0MQ==&mid=2247484233&idx=1&sn=487e15a99391a6244e5979533bced807&chksm=c0ee4e0ff799c7198ec97f32482be28d00ab2103c497c3f16fb822fde014ff6d21a6e2358469#rd"
"为什么很多技术人明明知道自己卡住了，却一直动不起来","20260320","291","6","2","97","0.195876285","0.140893474","http://mp.weixin.qq.com/s?__biz=MzkwNjAwOTY0MQ==&mid=2247484254&idx=1&sn=d16741ff26d7d6e7d0c6b03cd5c9ca1a&chksm=c0ee4e18f799c70e52e93bf70e60fc81f450f5b642054fb507d5b548aef222e71654c5899934#rd"
"为什么压迫式追问会反复出现：很多团队其实不会处理不确定性","20260319","278","28","0","73","0.273972601","0.237410069","http://mp.weixin.qq.com/s?__biz=MzkwNjAwOTY0MQ==&mid=2247484235&idx=1&sn=bf529eb4fd1d517cf4e6560472ca68d1&chksm=c0ee4e0df799c71b1bedcf2cbe19ffce8d8a5187417305088a904b94f79c7027dbec9be58791#rd"
"一个需求值不值得做，至少应该先过这 5 关","20260318","24","2","0","58","0.120689653","0.125","http://mp.weixin.qq.com/s?__biz=MzkwNjAwOTY0MQ==&mid=2247484228&idx=1&sn=737df1a9854c3161d74879863dbecb98&chksm=c0ee4e02f799c7140181810a72d67bd5d00ba2bb328e9523f464165b9d2b42f36d1bc7e59b1d#rd"
"你不是没有内容，你只是把有价值的技术经验活成了日常","20260317","118","3","1","50","0.059999999","0.203389823","http://mp.weixin.qq.com/s?__biz=MzkwNjAwOTY0MQ==&mid=2247484222&idx=1&sn=f286cf01c32a8aade8e55014e2b3f16b&chksm=c0ee4e78f799c76e10ad8b5929d34b2cd61afa59716502df7024f7b9e9743e1537dbae5b0980#rd"
"很多技术人被问责，不是因为事情做错了，而是因为他不会把事实说成判断","20260316","806","66","23","39","0.56410259","0.224565759","http://mp.weixin.qq.com/s?__biz=MzkwNjAwOTY0MQ==&mid=2247484202&idx=1&sn=9967693dd490f3f231f9b8c5f01c1b56&chksm=c0ee4e6cf799c77a030284d245893f2f53ad3e0a07a1ee4f88825d35da7dde2ce07fa7daa964#rd"
"你做得越复杂，领导越觉得普通：实现难度，不等于事情价值","20260315","26","1","1","38","0.157894731","0.192307696","http://mp.weixin.qq.com/s?__biz=MzkwNjAwOTY0MQ==&mid=2247484195&idx=1&sn=c5875a821aff16191aed9c9c6f68aa8f&chksm=c0ee4e65f799c773dec1b9a828a556c4afa0e8c369c8cbff6f4ea3d0ee27b947cc0e77fb360c#rd"
"很多执行层的疲惫，是总在替没想清楚的问题买单","20260314","65","3","0","37","0.135135129","0.246153846","http://mp.weixin.qq.com/s?__biz=MzkwNjAwOTY0MQ==&mid=2247484181&idx=1&sn=d6194e0911d7ee7556e329c271dfc8d1&chksm=c0ee4e53f799c745c281226f521ab367afbc801c012782beb6e22042c4b969746a00813acafd#rd"
"35岁后最危险的，不是能力不够，而是越来越像一个稳定执行器","20260313","113","5","0","36","0.138888896","0.203539819","http://mp.weixin.qq.com/s?__biz=MzkwNjAwOTY0MQ==&mid=2247484176&idx=1&sn=ebb4f402cebc39eae26bd77ee6e8afe2&chksm=c0ee4e56f799c740b6265b24c2b15e83e27839eda4af3083fa8c53111856c396c25daf11d0ef#rd"
"技术会议最危险的，不是没人发言，而是太早开始聊方案","20260312","515","30","10","35","0.514285743","0.299029112","http://mp.weixin.qq.com/s?__biz=MzkwNjAwOTY0MQ==&mid=2247484171&idx=1&sn=c5f34dc48489e05c5d5621329d8c0706&chksm=c0ee4e4df799c75b983022331d99a9ee653ba4771d751b833a407b2e24cc001c082c875b24ec#rd"
"技术人为什么会对“复盘式追问”特别敏感？","20260311","40605","1688","342","32","1","0.307696104","http://mp.weixin.qq.com/s?__biz=MzkwNjAwOTY0MQ==&mid=2247484164&idx=1&sn=633667e06ac608710dbe52d235eca331&chksm=c0ee4e42f799c754d32baea638def107b1ba889c2bc1db9e17de4c2745725ea0f2d1f4a315e8#rd"
"为什么越专业的技术领导，越容易把团队带窒息","20260310","1005","32","15","31","0.258064508","0.353233844","http://mp.weixin.qq.com/s?__biz=MzkwNjAwOTY0MQ==&mid=2247484158&idx=1&sn=8e0d48f7eebe40a29e3938afe97c520c&chksm=c0ee4fb8f799c6aec9f1324ea0e23ca85c5187709742cd80f1d736e0ea744ea371912cbc77d0#rd"
"系统没出事，为什么技术人还是越复盘越窒息","20260309","105","5","1","31","0.258064508","0.27619049","http://mp.weixin.qq.com/s?__biz=MzkwNjAwOTY0MQ==&mid=2247484165&idx=1&sn=9b55a0667586512d716e1ccf37d757fe&chksm=c0ee4e43f799c7554920d136bd2ea34055d096cc8a921ef96ae792b42ab103d8c3400bc3ae18#rd"
"会议效率的真相：谁说出约束，谁结束会议","20260308","124","6","2","30","0.13333334","0.411290318","http://mp.weixin.qq.com/s?__biz=MzkwNjAwOTY0MQ==&mid=2247484146&idx=1&sn=240d8be9dc3712e59e0da9645e5065af&chksm=c0ee4fb4f799c6a2bf63179905bc2e078758f9d6e8d4c1d53c213fc17fccff3e0f626afab46d#rd"
"“先做一个版本再看”，很多时候不是敏捷，是甩锅","20260307","26","2","0","30","0.166666672","0.15384616","http://mp.weixin.qq.com/s?__biz=MzkwNjAwOTY0MQ==&mid=2247484141&idx=1&sn=292ba31da2ff08c0da42028d12f3fb29&chksm=c0ee4fabf799c6bd65fd816ca551b8e55fbeee9ff94869aee847fb9feae91af20471cbed80fd#rd"
"很多需求不是写出来的，是在会议里被逼供出来的","20260306","119","3","0","29","0.172413796","0.218487397","http://mp.weixin.qq.com/s?__biz=MzkwNjAwOTY0MQ==&mid=2247484135&idx=1&sn=f9d91f924bfc1256542b8ec63f7db7bb&chksm=c0ee4fa1f799c6b7dc5a2c0c8d367230fbb8cc0a0375e00a824de8b3eda09fd79a3d0d857ce5#rd"
"技术会议最危险的一句话：大家应该都理解了吧？","20260305","589","16","1","27","0.518518507","0.266553491","http://mp.weixin.qq.com/s?__biz=MzkwNjAwOTY0MQ==&mid=2247484130&idx=1&sn=1b2a14deac6fd0bf78c2a175ab25f7b9&chksm=c0ee4fa4f799c6b2475a99f5e0a66a5bfc59d7307660072cde33edc4dc46a678aeec07b491f2#rd"
